  
Escriba el Nombre de su Laboratorio
Facturacion Resumen a Profesionales
Periodo de Facturacion: 03/2022                              Hoja Nro.: 1
 
--------------------------------------------------------------------------------
Paciente       Cod.   Arancel Cod.   Arancel Cod.   Arancel Cod.   Arancel Cod.   Arancel   
--------------------------------------------------------------------------------

Profesional: CROSSA FANNY GISEL               211075   Periodo: 03/2022
 
Obra Social: PREVENCION SALUD S.A             121018
 
                
LEZCANO EST [N] 660001     286.65 660412     143.33 660297     95.55 660192     191.10 660171     525.53 
                660063     1051.05 660433     382.20 660475     286.65 660481     477.75 660865     859.95 
                660772     382.20 660902     143.33 661115     1911.00 660933     191.10 
ROMERO IVAN [N] 660063     1051.05 660171     525.53 660192     191.10 660412     143.33 660475     286.65 
                660481     477.75 660902     143.33 663717     4299.75 663720     12899.25 661086     1146.60 
                661095     1911.00 661145     1433.25 669580     1337.70 660001     286.65 
GALLO LUDMI [S] 660475     286.65 660412     143.33 660902     143.33 660192     191.10 660481     477.75 
                660001     286.65 
GALLO LUDMI [S] 660911     1051.05 660001     286.65 
GALLO LUDMI [S] 660475     286.65 660297     95.55 660412     143.33 660902     143.33 660192     191.10 
                660481     477.75 660022     382.20 660001     286.65 
CECCOTTI MA [N] 660475     286.65 660297     95.55 660412     143.33 660174     143.33 661035     286.65 
                661040     382.20 660481     477.75 660876     238.88 660192     191.10 660904     143.33 
                660902     143.33 660865     859.95 660711     238.88 669913     3535.35 660001     286.65 
                
GUGLIELMI L [N] 660475     286.65 660412     143.33 660192     191.10 660902     143.33 660904     143.33 
                660174     143.33 661035     286.65 661040     382.20 660876     238.88 660481     477.75 
                660865     859.95 660711     238.88 660001     286.65 
BEKA NATALI [N] 660475     286.65 660297     95.55 660412     143.33 660902     143.33 660192     191.10 
                660904     143.33 660481     477.75 660711     238.88 660865     859.95 660866     859.95 
                660546     334.43 660001     286.65 
BAIS NICOLA [N] 660475     286.65 660171     525.53 660412     143.33 660902     143.33 660192     191.10 
                660481     477.75 660772     382.20 660711     238.88 660761     238.88 660001     286.65 
                
LEZCANO MAI [N] 660475     286.65 660297     95.55 660412     143.33 660902     143.33 660711     238.88 
                660738     382.20 660736     382.20 660001     286.65 
AQUINO TOMA [N] 660475     286.65 660171     525.53 660412     143.33 660902     143.33 660192     191.10 
                660433     382.20 660001     286.65 
DEL ZOTTO S [S] 660475     286.65 660412     143.33 660192     191.10 660174     143.33 660876     238.88 
                660481     477.75 660865     859.95 660546     334.43 660001     286.65 
BUYATTI ISA [S] 660475     286.65 660171     525.53 660412     143.33 660902     143.33 660192     191.10 
                660433     382.20 660001     286.65 
TORRES NICO [N] 660475     286.65 660412     143.33 660902     143.33 660192     191.10 660174     143.33 
                660876     238.88 660481     477.75 660865     859.95 660866     859.95 660001     286.65 
                
KLETT CESAR [S] 660475     286.65 660297     95.55 660412     143.33 660902     143.33 660192     191.10 
                660481     477.75 660772     382.20 660711     238.88 660051     573.30 660761     238.88 
                660171     525.53 660001     286.65 
DONDA GERON [N] 660475     286.65 660297     95.55 660412     143.33 660539     955.50 660902     143.33 
                660192     191.10 660711     238.88 660001     286.65 
SOSA YANINA [N] 660865     859.95 660866     859.95 660475     286.65 660412     143.33 660902     143.33 
                660192     191.10 660904     143.33 660063     1051.05 661086     1146.60 669571     955.50 
                660242     286.65 660911     1051.05 660933     191.10 660001     286.65 
GALLO LUDMI [S] 660475     286.65 660001     286.65 

Nro. de Ordenes:   18 Comp. Arancelaria:    0.00 Subtotal Facturado:   82746.30
--------------------------------------------------------------------------------
                          Total de Ordenes        :           18
                          Total de Prestaciones   :          171
                          Unidades Gasto          :         0.00 $        0.00
                          Unidades Honorario      :         0.00 $        0.00
                          Compensacion Arancelaria:              $        0.00
                                                                  ------------
                          Subtotal Facturado      :              $    82746.30
                          Subtotal Grabado        :              $    13950.30
                          Subtotal Exento         :              $    68796.00
                          I.V.A.                  :              $     1464.78
                          Total Facturado         :              $    84211.08
--------------------------------------------------------------------------------
