21100220260901007873886501154                        
21100220260901022999935227729                        
21100220260901040553916176386                        
21100220260901042927889214493                        
21100420260901005391485886246                        
21100420260901006347617836266                        
21100420260901010184100349756                        
21100420260901010827444864932                        
21100420260901013425569835731                        
21100420260901013672673853342                        
21100420260901014146043126867                        
21100420260901016612964828185                        
21100420260901021817493489910                        
21100420260901026349590305848                        
21100420260901039249547608384                        
21100420260901052692220436587                        
21100420260901058325279084361                        
21100620260901004420878640043                        
21100620260901006544807089108                        
21100620260901010243794457860                        
21100620260901010247956160029                        
21100620260901010309368565825                        
21100620260901011505752558566                        
21100620260901012181190517926                        
21100620260901012181762469323                        
21100620260901014344136476396                        
21100620260901017701734956962                        
21100620260901017712401139385                        
21100620260901022400575510479                        
21100620260901031818962526029                        
21100620260901032290227470064                        
21100620260901033500313201430                        
21100620260901040267171523626                        
21100620260901052218942050952                        
21100620260901052690803967181                        
21100620260901070507034161013                        
21100820260901013258847111135                        
21100820260901013273779273782                        
21100820260901016431878876998                        
21100820260901018554368986343                        
21100820260901021692465060429                        
21100820260901022141751386684                        
21100820260901023200511185051                        
21100820260901046577917506551                        
21100820260901054848084322595                        
21101020260901003965275926924                        
21101020260901005174960593703                        
21101020260901010560629999143                        
21101020260901011412303154684                        
21101020260901014881404779327                        
21101020260901016237734123304                        
21101020260901016871941198505                        
21101020260901017515707496544                        
21101020260901018141689350169                        
21101020260901031330900715075                        
21101020260901033916322690721                        
21101020260901048548930599350                        
21101020260901057804753108979                        
21101020260901059447138044030                        
21101220260901012367498791673                        
21101220260901017917375126914                        
21101220260901024747816878112                        
21101220260901030788468909139                        
21101220260901047659806704320                        
21101320260901011541490554790                        
21101420260901008323555294331                        
21101420260901010475382052454                        
21101420260901012901580672366                        
21101420260901016722426845953                        
21101420260901018553306119450                        
21101420260901022516861846665                        
21101420260901024768027527008                        
21101420260901029612539984319                        
21101420260901038816323638433                        
21101420260901042870890120648                        
21101420260901046135937470965                        
21101420260901053500760798194                        
21101420260901054341366963935                        
21101420260901092740715426010                        
21101820260901018455210912138                        
21101820260901028779336510511                        
21102120260901057328339575869                        
21102320260901022999840410371                        
21102420260901025164438361510                        
21103020260901017425623476551                        
21103020260901017559333681174                        
21103020260901041057011021790                        
21104320260901017414333854250                        
21104720260901008434366858127                        
21104720260901023651487690427                        
21104920260901005922095346847                        
21104920260901009796667768797                        
21104920260901020141518894673                        
21104920260901021510937208768                        
21104920260901055929266620900                        
21105020260901006309785063838                        
21105020260901017799717961617                        
21105020260901017935492989380                        
21105020260901025089867959982                        
21105020260901034821203738243                        
21105220260901011696382388112                        
21105220260901020443732986379                        
21105220260901037713013013109                        
21105620260901010617735359090                        
21105620260901023535426099910                        
21105620260901033916381053257                        
21105920260901005389385115232                        
21105920260901010662855861937                        
21106020260901017929528935575                        
21106520260901013759665119237                        
21106520260901017091185775550                        
21106520260901017202246848822                        
21106520260901025916365609061                        
21106520260901028037068629407                        
21106520260901036013514995279                        
21106920260901020087883638113                        
21106920260901032140790847597                        
21106920260901047073450421797                        
21106920260901057804727957735                        
21107020260901011087091246330                        
21107020260901012990469456560                        
21107020260901014531918933323                        
21107020260901027446746443897                        
21107720260901029853515838468                        
21107820260901006544995272549                        
21107820260901008071079752758                        
21107820260901014574226903174                        
21107820260901017066153916559                        
21107820260901017414491776745                        
21107820260901018111113218150                        
21107820260901026159449491674                        
21107820260901040966583548259                        
21107820260901057989140252375                        
21108020260901011752028747274                        
21108020260901048711145183438                        
21108020260901057804796504726                        
21108120260901008434635956729                        
21108120260901011013206185474                        
21108120260901017285192257222                        
21108120260901017285239783806                        
21108120260901018452450276021                        
21108120260901022783592823946                        
21108120260901023443159380273                        
21108120260901027336008539325                        
21108120260901042770721777020                        
21108120260901048681691726325                        
21108120260901050017830410203                        
211081202609010F6242576255385                        
21108320260901004223298594579                        
21108320260901010523671127758                        
21108320260901011218122351138                        
21108320260901014974511258014                        
21108320260901016237742176301                        
21108320260901017339211965471                        
21108320260901020713626825031                        
21108420260901017414442390221                        
21108820260901007882448364367                        
21108820260901020274486516965                        
21108820260901023988008842038                        
21108820260901031341179913214                        
21108820260901034716312618654                        
21108820260901046371678227226                        
21108820260901047443457562219                        
21109020260901005000833371618                        
21109020260901012901542073859                        
21109020260901013231791635153                        
21109020260901016311625284027                        
21109020260901017719754938561                        
21109020260901017917490558031                        
21109020260901021421091883848                        
21109020260901021721546622895                        
21109020260901021861863927678                        
21109020260901025733236448042                        
21109020260901026378154545245                        
21109020260901029171949813500                        
21109020260901032619913708891                        
21109020260901033072119143163                        
21109020260901055355300963962                        
211090202609010F6024665625420                        
21109120260901012141783943077                        
21109120260901046999064767467                        
21109120260901047777514514508                        
21109220260901058727826981838                        
21109220260901059910605815592                        
21109320260901005706235140535                        
21101020260901434402013418043                        
21101020260901940600010289355                        
21109120260901283800016407379                        
21109120260901283800016780441  14263147              
21109120260901509102019320376  14263766              
21109120260901622000010586291  14263810              
21109120260901733301014672436  14265858              
21109120260901875700017412178  14270141              
21109220260901582900019166090  14272928              
21109220260901582900019800306  14272908              
21104920260901051279703744048                        
21102320260901058099599375674                        
21103120260901022078968777699                        
21104920260901021367739969283                        
21106520260901016328694926995                        
21108120260901020146804103215                        
21108120260901025369853706986                        
21109120260901033734112877985                        
21109120260901058727791251428                        
21100620260901012215434350259                        
21101020260901014974968271761                        
21103320260901017258777681038                        
21103320260901021421324889025                        
21106920260901005000922289761                        
21107820260901039124985249221                        
21108220260901017964338148680                        
21108120260901034224023075267                        
21108120260901034224023443649                        
21100820260901000909201510984                        
21101020260901005270521493734                        
21101020260901005270522525762                        
21103320260901002729701378342                        
21106920260901004080507647475                        
21106920260901004179301986870                        
21108120260901017559311719186                        
21101220260901016311653655231  1010593719            
21101820260901456200901975008                        
21105920260901559847302262903                        
21106920260901106837201189930                        
21106920260901106837201287819                        
21106920260901106837201557542                        
21106920260901285377402302215                        
21100220260901993822084124147  1042792312            
21100420260901044138398640729  1042780054            
21100420260901046028388428954  1042780747            
21100420260901420311251196180  1042781570            
21100420260901947423202164530  1042780486            
21102120260901141512405253694  1042793465            
21103020260901378211039801347                        
21103020260901742913297234130  1042790662            
21103020260901981520791295810  1042791302            
21104720260901803321053768458  1042783105            
21104920260901058316898983029  1042782234            
21104920260901058323194755381  1042782089            
21105620260901074016345119524  1042791889            
21105620260901105617840694029  1042792108            
21105620260901146118855598452  1042792992            
21105620260901146125517175659                        
21105620260901146125584723576  1042793277            
21105620260901378211602838971  1042791798            
21105620260901742913475135551  1042791675            
21106920260901326652967907584  1042782741            
21107820260901114668026392939  1042781051            
21107820260901545712579645300  1042780640            
21108120260901072511099885551  1042780245            
21108120260901072511694824104  1042780186            
21108120260901813119473561123  1042778341            
21108320260901645914016543621  1042777649            
21108420260901103926240747368  1042781198            
21108920260901043377916234941                        
21108920260901377916396916636                        
21108920260901377916495555723                        
21109120260901054621257639963  1042779177            
21109120260901095011252267823  1042781357            
21109120260901282628034750034  1042794355            
21109120260901485828358750245  1042785703            
21109120260901592516125328384  1042791522            
21109120260901620327595685592  1042785026            
21109320260901208418699717723  1042778567            
21101020260901006255307255025                        
21101220260901010315590215395                        
21103120260901032590903290996                        
21103320260901001007350232917                        
21103320260901001007350468185                        
21106920260901054770482307640                        
21108820260901025831910949453                        
21100820260901238794801451663  136146595             
21101020260901110382400225224  136137203             
21106520260901172438701849786  136162634             
21109120260901112788500800575  136134916             
21109120260901158752500278084  136162749             
21109120260901170580000101265  136163085             
21109120260901193800600821629  136169061             
21109120260901208975900665570  136139051             
21109120260901219168200556553  136166467             
21109120260901231330101840984  136137845             
21109120260901231330101991066  136137785             
21109120260901232098700365992  136139822             
21109120260901246970200472115  136134765             
21109220260901174751701389966  136159837             
21109220260901174751701858437  136160323             
21100420260901002416056779798                        
21100420260901004748183934670                        
21100420260901005060808305106                        
21100420260901005483913795573                        
21100420260901006334082370723                        
21100420260901011397483227110                        
21100420260901012297153543127                        
21100420260901013038918188564                        
21100420260901014336322368178                        
21100420260901016390640692178                        
21100420260901016612986028887                        
21100420260901018480212950271                        
21100620260901004104341318865                        
21100620260901004878846737483                        
21100620260901007649627008824                        
21100620260901007881065637323                        
21100620260901008485651544656                        
21100620260901010891627906398                        
21100620260901011696005990842                        
21100620260901012181570844713                        
21100620260901016439344241932                        
21100620260901026513737377656                        
21100820260901011605911894198                        
21100820260901012234386737090                        
21100820260901012831768872560                        
21100820260901012986836639482                        
21100820260901013273855396669                        
21101020260901006255307206338                        
21101020260901006350397117826                        
21101020260901006500465880721                        
21101020260901007676937928349                        
21101020260901011233008820149                        
21101020260901012181397817825                        
21101020260901012213619323100                        
21101220260901005453671893416                        
21101220260901006145823726330                        
21101220260901006414699779313                        
21101220260901010908026675155                        
21101220260901010987826715359                        
21101220260901011274329486810                        
21101220260901011442996881774                        
21101220260901011541594568795                        
21101220260901011605781266453                        
21101220260901011765153113793                        
21101220260901012901482909919                        
21101220260901013008429635263                        
21101220260901013376908347620                        
21101220260901014023211678609                        
21101220260901014278586067292                        
21101220260901014712387952292                        
21101220260901016328658938759                        
21101320260901004488652644959                        
21101320260901005422090954882                        
21101320260901005781517851861                        
21101320260901006347090439704                        
21101320260901007709267147343                        
21101320260901007874109522292                        
21101320260901010413671340317                        
21101420260901005623069799184                        
21101420260901006533287592968                        
21101420260901010064415677972                        
21101420260901010901859936137                        
21101420260901012684636115483                        
21101420260901013508099031415                        
21101420260901013658948210992                        
21101420260901016143854067445                        
21101420260901026590549698608                        
21101620260901012368599224071                        
21101620260901013925571237661                        
21101620260901014463036920718                        
21101820260901008071710718479                        
21101820260901008507992179908                        
21101820260901010639347583576                        
21101820260901013618587182259                        
21102120260901004613204313174                        
21102120260901005623080753548                        
21102120260901005787640707351                        
21102120260901006347340978088                        
21102120260901007877136242274                        
21102120260901010063693324569                        
21102120260901010572593379752                        
21102120260901012234293598202                        
21102120260901012508500659071                        
21102120260901012545237676925                        
21102120260901012774067868771                        
21102120260901013273824726346                        
21102120260901013273992718227                        
21102120260901013618414425513                        
21102120260901017274142725643                        
21102120260901027108100888027                        
21103320260901011541631973553                        
21103320260901011541699323826                        
21103320260901012125228459375                        
21103320260901012502923098584                        
21103320260901012657901159374                        
21103320260901013123063636010                        
21103320260901013658910417964                        
21103320260901013659101884509                        
21103320260901014302073234010                        
21103320260901014570849767230                        
21103320260901016143831101721                        
21103320260901016311688577549                        
21104220260901016528779668075                        
21104320260901002356974558030                        
21104320260901004223302396120                        
21104320260901010309348708282                        
21104320260901029350128131115                        
21104720260901005907965614722                        
21104720260901006344184538108                        
21104720260901016221097636403                        
21104720260901024492403078779                        
21105020260901007842381540090                        
21105020260901010926865155388                        
21105020260901011135652252675                        
21105020260901011274380625020                        
21105020260901014600124765178                        
21105220260901012866928125308                        
21105220260901013116071474006                        
21105220260901013715501273578                        
21105220260901016613941683611                        
21105220260901034045889311307                        
21105620260901005210866334893                        
21105620260901005426706969000                        
21105620260901006285928313488                        
21105620260901006350257672165                        
21105620260901007676450911982                        
21105620260901010570573088629                        
21105620260901010738955863938                        
21105620260901011246885133070                        
21105620260901011457058267403                        
21105620260901013715628442840                        
21105620260901014574383456225                        
21105920260901012590114636657                        
21106520260901004502848609961                        
21106520260901007878697713709                        
21106520260901008508864741623                        
21106520260901010891604375237                        
21106520260901013705565304443                        
21106520260901013871251270098                        
21106520260901016036724334171                        
21106520260901022077482905369                        
21106920260901010292128813535                        
21106920260901010339299574812                        
21106920260901021692799974680                        
21106920260901022178910349842                        
21106920260901035173173729118                        
21107020260901012556977496179                        
21107020260901013528065541610                        
21107020260901013781581711724                        
21107720260901007879134575006                        
21107820260901004534187279804                        
21107820260901005426733471860                        
21107820260901011628146244046                        
21107820260901014678755233072                        
21107820260901016480734390395                        
21107820260901017516475532323                        
21108020260901004273184719373                        
21108020260901004273197692567                        
21108020260901004502876750011                        
21108020260901006327668317534                        
21108020260901011743369725257                        
21108020260901012146286923241                        
21108020260901012374413421428                        
21108020260901013483895289432                        
21108020260901014039833854743                        
21108020260901014336198497811                        
21108120260901004488784689938                        
21108120260901006242517873795                        
21108120260901006352716719335                        
21108120260901007880830878970                        
21108120260901009499391771167                        
21108120260901010148543228864                        
21108120260901011412412716448                        
21108120260901012850304753493                        
21108120260901012923354989658                        
21108120260901013123072529692                        
21108120260901013367989919199                        
21108120260901013483850998997                        
21108120260901013971327840272                        
21108120260901014899745442888                        
21108120260901016237785275096                        
21108320260901002416197343355                        
21108320260901012595701613975                        
21108320260901013391596612690                        
21108720260901005531248608542                        
21108720260901006343424215172                        
21108720260901011270716617303                        
21108720260901011808948810750                        
21108720260901012181649367692                        
21108720260901013116126367692                        
21108720260901013116333943420                        
21108720260901016871984969435                        
21108820260901004625769938729                        
21108820260901004724444063011                        
21108820260901004974402517476                        
21108820260901006309800437662                        
21108820260901006352463713246                        
21108820260901008427047903262                        
21108820260901008434368561291                        
21108820260901010184321319276                        
21108820260901010184469100330                        
21108820260901010662868873774                        
21108820260901011102351458644                        
21108820260901011102422289316                        
21108820260901011273961800946                        
21108820260901012181427835393                        
21108820260901012213578055638                        
21108820260901012483301400782                        
21108820260901012684630765167                        
21108820260901012751342555716                        
21108820260901012923395348535                        
21108820260901012971159575792                        
21108820260901013308036106138                        
21108820260901014336126048877                        
21108820260901017201908953368                        
21108820260901025303659492309                        
21109020260901017293581781071                        
21109120260901011102250237440                        
21105920260901013516970040473                        
21103120260901028134721189009                        
21103120260901037232666055449                        
21100220260901545040051624099  526882053             
21103020260901319010006799887  526882990             
21103020260901319020005777929  526889474             
21106920260901314010029991117  526811427             
21106920260901314020028115106  526813372             
21106920260901522050036783615  526805910             
21108120260901312020003243297  526771224             
21108520260901691010028127329  526786231             
21109120260901411011107543748  526760311             
21109120260901565020002383838  526877778             
21109120260901023758334355260                        
21109120260901049141901271468                        
21108520260901057709072574063                        
21101220260901010975625603997                        
21101220260901017908208094690                        
21101220260901030432956015283                        
21102120260901012136318759360                        
21107820260901012023197212887                        
21107820260901020148479973684                        
21107820260901024898042500948                        
21107820260901048681619696687                        
211078202609010M6142265204336                        
21108120260901002416101203799                        
21108120260901002416101803278                        
21108120260901002416101869500                        
21108120260901003385672099154                        
21108120260901003385672142230                        
21108120260901003385672225720                        
21108120260901003385672463393                        
21108120260901003385672772460                        
21108120260901003965315105265                        
21108120260901003965315286290                        
21108120260901003965315844425                        
21108120260901004492904997315                        
21108120260901004634145813763                        
21108120260901006354888873699                        
21108120260901006843107097953                        
21108120260901006843107658863                        
21108120260901007874769320525                        
21108120260901007874769443411                        
21108120260901010820916454600                        
21108120260901010820916635036                        
21108120260901012165870877962                        
21108120260901012452455936989                        
21108120260901018111116195897                        
21108120260901020274420638316                        
21108120260901020274420668594                        
21108120260901026520039822148                        
21108120260901035117245118668                        
21108120260901038816343080587                        
211081202609010F5424569043376                        
21108620260901018601789506940                        
211086202609010F4232238595182                        
21108920260901005531889502201                        
21108920260901005531889639583                        
21108920260901005922197449190                        
21108920260901006105527825886                        
21108920260901006304325837064                        
21108920260901006304325914723                        
21108920260901012590451942260                        
21108920260901017873254623242                        
21108920260901021779132666823                        
21108920260901024088216150058                        
21108920260901024088216694012                        
21108920260901034045502381579                        
211089202609010F6544902563365                        
211089202609010F6544902736707                        
21109120260901217825701610805                        
21100420260901016719769478258                        
21101020260901014974975707663                        
21101220260901003075300960884                        
21108120260901006352697790714                        
21106020260901016871905266082                        
21109120260901022078922157883                        
21101020260901308902000363720  43639579              
21101020260901659501000906651  43639455              
21101020260901930204000401670  43638801              
21104320260901834301000452298  43616574              
21105920260901956001000984999  43620611              
21108120260901027524383897331  43617095              
21108320260901576500000910908  43615404              
21108820260901742300000513163  43619613              
21108820260901742300000591080  43619569              
21109120260901593302000404220  43639220              
21109120260901593302000940440  43638969              
21109120260901930400000106340  43621735              
21109120260901952300000043604  43622074              
21101020260901162311600655756                        
21102120260901017855304822915                        
21109120260901020876102505701                        
21109120260901039126580549885                        
21109120260901044064754662425                        
21100820260901017263932115171                        
21108120260901007708784131083                        
21108120260901007708784331845                        
21100220260901179325800109395  136163281             
21103020260901213746200111850  136168986             
21103320260901070333800873730  136163876             
21103320260901242346101565184  136141024             
21106920260901228291300428505  136170246             
21106920260901239808600819822  136144705             
21107820260901139647900742822  136138120             
21108520260901185524400769166  136141028             
21108520260901246769501564339  136141655             
21108820260901230481300771086  136137944             
21100220260901275602018510552  14269786              
21104920260901812203044973157  14265157              
21105020260901047201024709677  14269935              
21105020260901047201024827274                        
21106920260901975400028758019  14265131              
21107820260901577005010321243  14263282              
21108420260901566200024618851  14263900              
21108520260901320702011303952  14264495              
21104720260901056022226629966                        
21108120260901016908972187665                        
21108120260901042610336596440                        
21100820260901031818872519660                        
21101820260901189980702490694                        
21101820260901908863300696100                        
21102120260901054505578702292                        
21109120260901028237247726188                        
