21100220230301040364543750083   
21100220230320007709251894591   
21100220230322029350258986763   
21100220231122008379242916634   
21100220241007017285389970903   
21100220241209017832536300494   
21100220250123013672659111229   
21100220250123022602830361325   
21100420230210006305836680212   
21100420230303034792728356715   
21100420230412006182159854645   
21100420230412011625116372647   
21100420230503025834601854648   
21100420230504030288436120175   
21100420230505027569660339759   
21100420230612004735799119143   
21100420230630011439030945887   
21100420230706003776963252250   
21100420230706036888312546828   
21100420230706058335890343207   
21100420230926057610785182558   
21100420230926059373004680044   
21100420231107017609200329074   
21100420240130014955432887342   
21100420240621011444239626941   
21100420240625027481700032155   
21100420240627010437920159582   
21100420240627014531931969636   
21100420240717011765112734263   
21100420240805011505615146853   
21100420241115021600383521410   
21100420241119016902444207642   
21100420250121012150453343558   
21100420250207002416190955819   
21100420250311053801600935872   
21100420250314007874112298405   
21100420250521051192399737414   
21100420250723011620131642179   
21100420250818055714788193901   
21100620221012012590115476827   
21100620230124041906894069683   
21100620230125004995523689921   
21100620230203003325013981739   
21100620230206020223859314574   
21100620230208022783570514304   
21100620230208038902373891179   
21100620230328010063949105828   
21100620230328034176604623408   
21100620230410016871726983005   
21100620230411000754876976339   
21100620230412002476403685165   
21100620230412006340129756926   
21100620230412047977788827294   
21100620230413013562110602754   
21100620230414052904080869754   
21100620230425013116568130892   
21100620230425032619669555021   
21100620230502012903897810706   
21100620230502030788449179074   
21100620230503012181228865381   
21100620230503020192104895433   
21100620230503040966777619527   
21100620230504014939028001606   
21100620230607023447233253628   
21100620230612002418217593490   
21100620230613012181367989098   
21100620230614027838983518572   
21100620230615032619711469540   
21100620230616016871726722969   
21100620230717025834633537278   
21100620230725013658939723091   
21100620230727031151123652355   
21100620231017029853772606612   
21100620231019011628275306474   
21100620231019046445411501821   
21100620231031038814677952884   
21100620240222010739762149194   
21100620240311018825062892270   
21100620240313028036893098637   
21100620240417017885950597554   
21100620240425004102693339298   
21100620240605006350391528011   
21100620240605010164746619736   
21100620240605013644568600860   
21100620240605037407078878245   
21100620240619018077714532392   
21100620240625014974703307350   
21100620240627002418217750819   
21100620240628041943244078691   
21100620240801028275081052445   
21100620240805006155082906592   
21100620240805032233474627250   
21100620240806021692688966744   
21100620240809006306646336901   
21100620240809016484823118790   
21100620240826006544898630857   
21100620240827006155082553502   
211006202408270M8280108814802   
21100620240829011625230151416   
21100620240830040364733792330   
21100620240916002958488475976   
21100620240919010063926493150   
21100620240919028722014882390   
21100620240930013644076408192   
21100620241003046445782753348   
21100620241010007874339983918   
21100620241010016237640858500   
21100620241024002416007716781   
21100620241031011667032719688   
21100620241031023232730769841   
21100620241031031627803650095   
21100620241101050449597838799   
21100620241112014570848605161   
21100620241113032177298838095   
21100620241209005944897956080   
21100620241210018388401163690   
21100620241211012657926808657   
21100620241226017685089983388   
21100620241230013050839749439   
21100620250122013116362465188   
21100620250123029874484574237   
21100620250123047585844142790   
21100620250124046218199505173   
21100620250207023723631628771   
21100620250207037798242879560   
21100620250306013050839648500   
21100620250306028237415164411   
21100620250306029239459875405   
21100620250306046040539769829   
21100620250311007676441377530   
21100620250311013990369025046   
21100620250312003244871972912   
21100620250312012579149164808   
21100620250318030562097770362   
21100620250319046040510574051   
21100620250320028228516685046   
21100620250320039251650890920   
21100620250325010164746685781   
21100620250326025837572562252   
211006202503280M6321701425661   
21100620250407016613034365508   
21100620250415032619840178704   
21100620250416007675907669738   
21100620250429031486993600691   
21100620250506012181443929253   
21100620250508053778194525069   
21100620250521026395868139023   
21100620250521039815428354178   
21100620250613011625230543871   
21100620250617011625230538332   
21100620250617016233306291916   
21100620250617020443706785466   
21100620250619012577506285546   
21100620250708058727634591560   
21100620250710002416008050552   
21100620250711011879284432918   
21100620250722008434445710235   
21100620250723028679589656600   
21100620250725013990045835557   
21100620250728005996402660770   
21100620250729012590556892318   
21100620250730013990346599331   
21100620250731035770354549898   
21100620250801042701475320561   
21100620250818026948048127952   
21100620250820014039914047462   
21100620250823005271202216913   
21100820230124010732542829047   
21100820230126054505549273990   
21100820230302018554368980764   
21100820230302049709974402870   
21100820230320011605992477889   
21100820230321022829848105017   
21100820230321031458492391843   
21100820230322040311446904982   
21100820230323005803595774617   
21100820230323010806774700481   
21100820230324006304461389928   
211008202303240M8508579872112   
21100820230412006544911416336   
21100820230518028012951401764   
21100820230522010063691448642   
21100820230522093133146977860   
21100820230524007708735554870   
21100820230602006307938827558   
21100820230605006307938688793   
21100820230612021097763005585   
21100820230627011641416442710   
21100820230630011641416990937   
21100820230703027880117667574   
21100820230704011796389409572   
21100820230705006555672172458   
21100820230904025882816591861   
21100820231020041848078866032   
21100820231121016107803050285   
21100820231222046497123922445   
21100820240103046497123914190   
21100820240126013618416370968   
21100820240219010732540421129   
21100820240220007877022115635   
21100820240221016011122848243   
21100820240312059653223936629   
21100820240424010063674764826   
21100820240515010064152465565   
21100820240515010397318677759   
21100820240625003964145961676   
21100820240627007676077233106   
21100820240929034469882340999   
21100820240930034469882186097   
21100820241002005199486032407   
21100820241029012986780217103   
21100820241031002413855647995   
21100820241101070048091369266   
21100820241209053804280333438   
21100820241211034469882869509   
21100820241212013618579136206   
21100820250214010064119955468   
21100820250225037829035225193   
21100820250326007525167323928   
21100820250507032246971140634   
21100820250508011782349515999   
21100820250509011370941006001   
21100820250609005122449585097   
21100820250730004245720255771   
21100820250730017205066880688   
21100820250731005961314570443   
21100820250813010535498562316   
21100820250819007675971632464   
21100820250821059653238376082   
21101020220914033452612169669   
21101020230123016719385292076   
21101020230206026268763260995   
21101020230207050017731618901   
21101020230227008280151570599   
21101020230320051098799714000   
21101020230328025672394270699   
21101020230410006544823656023   
21101020230412003571499921728   
21101020230413020800836206517   
21101020230418008508810779284   
21101020230427028153313859525   
21101020230430031386258323231   
21101020230504010064062951664   
21101020230802006344119641692   
21101020230926047657670078684   
21101020230927013990032900302   
21101020230927053032231925658   
21101020230929004579757507268   
21101020231109025469942105567   
21101020231218027422216640827   
21101020240122012376768454440   
21101020240123011412159919921   
21101020240124003895663385072   
21101020240219012699520073104   
21101020240219031386258433360   
21101020240228012590236364427   
21101020240311014336636266304   
21101020240316038818431575239   
21101020240422007880427497921   
21101020240513036545945654507   
21101020240607070126018466899   
21101020240621070126018483255   
21101020240719006727086657383   
21101020241001012590510040402   
21101020241113030562097140500   
21101020241204029809856992104   
21101020250121038818459953698   
21101020250212011947883697368   
21101020250212070285061140307   
21101020250215005996475177412   
21101020250305025160440587462   
21101020250312010609903851988   
21101020250326010413622865470   
21101020250328043495593532376   
21101020250410011625470811803   
21101020250502012556985993100   
21101020250509006544827838410   
21101020250509043495593822114   
21101020250510006704506015185   
21101020250523016880129710400   
21101020250618006625585989505   
21101020250621007873996435797   
21101020250707024954269402901   
21101020250707049896900755637   
21101020250710007676435033222   
21101020250710010662633219743   
21101020250731012296821987120   
21101020250820022077478964464   
21101020250821013242030862922   
21101020250822011821591209469   
21101020250822058488865561192   
21101220220715024492321485376   
21101220230116017258712268496   
21101220230119006283453882793   
21101220230119007926632832303   
21101220230209006653315122938   
21101220230224013659069222339   
21101220230302004434870894114   
21101220230320014278553833651   
21101220230320018026715726514   
21101220230321010697726414316   
21101220230321010697801640237   
21101220230323010522280275786   
21101220230323011541567053864   
21101220230411006843226447060   
21101220230412016036790610985   
21101220230414007878832946205   
21101220230425014035933774741   
21101220230522008323576367202   
21101220230706007872722474004   
21101220230907005598468460131   
21101220231122010975572900231   
21101220231128007883061360469   
21101220231219010588794485744   
21101220240104010487027995222   
21101220240119014035893130780   
21101220240120008071221088344   
21101220240129005870589232224   
21101220240129012157711728977   
21101220240403043065535328521   
21101220240422031313306414923   
21101220240426016311631201332   
21101220240426047900347631362   
21101220240427047900347452946   
21101220240515017112119022058   
21101220240517035250554481670   
21101220240805014876655176825   
21101220240805025704359704425   
21101220240917027665394064585   
21101220241223020808297772756   
21101220241223040365886068761   
21101220250102003806146517316   
21101220250102013231504406125   
21101220250122007882850495580   
21101220250122010480569547526   
21101220250123005650149235830   
21101220250210006442470657913   
21101220250211002936698152882   
21101220250213004837199218004   
21101220250311008106476206316   
21101220250313011541563458626   
21101220250317008426343695992   
21101220250317013618583886769   
21101220250317014463048316009   
21101220250318004104201142131   
21101220250318004578664511516   
21101220250318006353581706502   
21101220250318011720525488796   
21101220250321011274220879855   
21101220250327006339927120459   
21101220250327038451081501836   
21101220250328006352641377683   
21101220250328011279402059902   
21101220250407007880858194547   
21101220250407010509764168497   
21101220250409013376923503726   
21101220250410005285777334393   
21101220250410006843127570518   
21101220250410008322187588916   
21101220250412001383097150750   
21101220250414010697844294506   
21101220250417016517182853751   
21101220250429028335822560563   
21101220250505011088955611844   
21101220250506010977066312391   
21101220250506012684640471716   
21101220250612003720195200228   
21101220250621010480686032818   
21101220250701012751819211296   
21101220250708005943428575163   
21101220250711006533210292018   
21101220250712006843455930200   
21101220250722006533241664106   
21101220250722007883059985921   
21101220250724004721953778929   
21101220250725010956795071997   
21101220250728006083649286417   
21101220250728006352978166666   
21101220250728012483369364850   
21101220250728014278579408386   
21101220250729006533210568982   
21101220250731006343421295288   
21101220250801007708533052833   
21101220250801012483329629182   
21101220250802007882228983576   
21101220250811004235479229151   
21101220250811010975555990798   
21101220250813007880074598827   
21101220250815016722310989291   
21101220250818003035703751779   
21101220250818006350968908407   
21101220250818011541634392187   
21101220250818012483350133788   
21101220250819005285777211791   
21101220250819007676052737530   
21101220250819007876667945210   
21101220250821014023203846431   
21101220250821014035887464084   
21101220250822039499965613449   
21101220250902006286890256086   
21101220250902007878133130487   
21101220250902008434625325923   
21101220250903007876673479908   
21101220250904012901851959756   
21101320230322032233474891371   
21101320230322058335841462807   
21101320230410026335360544837   
21101320230428043713758461174   
21101320230503036578951761133   
21101320230503038599829221570   
21101320230724055718014932055   
21101320230726005815581106912   
21101320230815054617998207424   
21101320230925025303703225911   
21101320230926006150282232769   
21101320231124006066320803592   
21101320231128023444284726080   
21101320231221023444284115414   
21101320240202020194617292946   
21101320240220012390065492699   
21101320240312046541291710991   
21101320240415005422040714984   
21101320240513013483938993670   
21101320240514014039844170568   
21101320240517020194617313789   
21101320240603006644343329967   
21101320240628006352451302295   
21101320240819010413622754434   
21101320241119014600044336269   
21101320250727005815581474094   
21101320250801010413663969719   
21101320250819006341072826054   
21101420230227027512898937160   
21101420230316012557442992549   
21101420230323006347332273339   
21101420230907010625180161110   
21101420231220002769697323712   
21101420240126006083301954061   
21101420240222007883073908677   
21101420240314005070072855455   
21101420240405007879941049768   
21101420240405013451052554515   
21101420240806005571050562276   
21101420240806013614621849750   
21101420240916011284786194400   
21101420240919007521729595297   
21101420240919007882850637779   
21101420241008007586725181335   
21101420241008010064829150440   
21101420241008013600310077689   
21101420241010011284764249552   
21101420241026017479593866106   
21101420241112006335319162284   
21101420241112018717446605220   
21101420241114007860981326084   
21101420241114011999318373396   
21101420241115005068826418025   
21101420241120006442470410347   
21101420241120016143973028608   
21101420241121005285777183954   
21101420241203010480681678482   
21101420241203013231691665751   
21101420241203017112005248947   
21101420241206012234336756304   
21101420241209014463002965498   
21101420241209043715430873304   
21101420241210013543745926818   
21101420241210024132191839131   
21101420241212011274355632214   
21101420250120005285780375716   
21101420250123005285780272509   
21101420250307005623070906004   
21101420250313005219245465883   
21101420250325005219245574814   
21101420250415013122905672224   
21101420250509008322171376620   
21101420250711004578656524181   
21101420250711012445076524726   
21101420250731010975637287394   
21101420250818011808980965451   
21101420250903012157884169712   
21101420250903045829352693300   
21101420250904011274233388969   
21101520230321004625656345929   
21101520230412004220455207779   
21101520230424013960289524846   
21101520230503039658531790121   
21101520230704003722387517657   
21101520230704007891928027206   
21101520230708005531240097174   
21101520230907025798945326658   
21101520231017006205064092693   
21101520231128014093467638318   
21101520231214012401929750338   
21101520240103020274390369518   
21101520240103034526198395977   
21101520240416010530252397510   
21101520240417010530260540140   
21101520240605023009567483472   
21101520240801034315072481499   
21101520240808011173067552359   
21101520241023006346713476212   
21101520241204012401942030855   
21101520241209014093476854597   
21101520241227008467756592944   
21101520250122005309518334339   
21101520250122014093467527264   
21101520250225012401942026136   
21101520250312013548199674854   
21101520250408011743397275502   
21101520250409012401925038064   
21101520250703016613558637547   
21101520250707039246022485557   
21101520250730004502854412991   
21101520250820008018544441243   
21101520250820026100834324543   
21101620230816026554919449614   
21101620230817011758635239280   
21101620230925007708912372650   
21101620240221001128389885259   
21101620240405013659257906269   
21101620240424011337042142607   
21101620250409032515984627218   
21101620250411006414614246451   
21101620250801010697775726915   
21101820230110020218079699726   
21101820230410013618703057738   
21101820230411033105588172170   
21101820230502006349449674362   
21101820231127013990369960937   
21101820231129006242689159185   
21101820240122033245640698274   
21101820240124010674469812969   
21101820240124020148452968220   
21101820240403005870531836080   
21101820240415010717514899876   
21101820240422042202980821151   
21101820240516005474877603384   
21101820240716059860312417273   
21101820240805006350672652623   
21101820240828025555788812890   
21101820240919016470059908937   
21101820241209012986856194635   
21101820241226012986856946837   
21101820250615042924682322480   
21101820250617038376257285422   
21101820250728042609981897710   
21101820250730014953630748947   
21102120230125005003363597032   
21102120230125010956737488661   
21102120230126012657970429286   
21102120230202011467881114792   
21102120230206011467881363672   
21102120230206011605759178754   
21102120230207012557469494692   
21102120230220010334067683725   
21102120230220043283576938721   
21102120230220052370333209261   
21102120230226042923017641653   
21102120230302013273800919537   
21102120230302033381990148515   
21102120230310010956729155825   
21102120230320023757077325018   
21102120230324010064152576061   
21102120230411005261554630775   
21102120230412049141845813069   
21102120230413012882891920180   
21102120230426012234314528104   
21102120230521012774087937030   
21102120230703012483270723609   
21102120230703037407200880461   
21102120230727007880870623786   
21102120230728013273613653640   
21102120230730006352031171078   
21102120230816002769747429982   
211021202308160F5397852360451   
21102120230904026442632918024   
21102120230905037407211671320   
21102120230926013273960494495   
21102120231017025828392667437   
21102120231029010956722999968   
21102120231029011085509108620   
21102120231107005870559327104   
21102120231126013258919209778   
21102120231208013193172893503   
21102120231219003965311169357   
21102120231220040361086611540   
21102120231222040361086138590   
21102120240121006242670691610   
21102120240121007882722502494   
21102120240130047289933871474   
21102120240213036508017158000   
21102120240219006242662175657   
21102120240220017775710456432   
21102120240304006309809666412   
21102120240314011765168949168   
21102120240317006354187056845   
21102120240319006710206820353   
21102120240402030432955150452   
21102120240421016278760860347   
21102120240424016278760238615   
21102120240428027586129290020   
21102120240513010980276305275   
21102120240513013618664998447   
21102120240604026594295816917   
21102120240625027149502383122   
21102120240711014558619409306   
21102120240806004434812816216   
21102120240917013618580765327   
21102120240918024530633319567   
21102120241029006419537723930   
21102120241222013618580072705   
21102120250122042923021830909   
21102120250125006242851485438   
21102120250309012986862228067   
21102120250313013779783766738   
21102120250319013698833860855   
21102120250324005261778473413   
21102120250409006352641695405   
21102120250415012234354778487   
21102120250506020148452067078   
21102120250509014601340544553   
21102120250731014644944612983   
21102120250818011049757983047   
21102120250820007881145983679   
21102220230302044177025899493   
21102220230327003296151122900   
21102220230502005435769532539   
21102220230519003966062110475   
21102220230523005657552466960   
21102220230628007875020143368   
21102220230814012590746854655   
21102220230817013367808632926   
21102220231123013367877166564   
21102220240201005944860170147   
21102220240405010473170522273   
21102220240514011457023530686   
21102220240605029853932397607   
21102220240827005426780936295   
21102220240827006242545164774   
21102220240827006242565450989   
21102220240827013050809745901   
21102220241003012556797176227   
21102320230126011246836249038   
21102320230817004488758176543   
21102320231220004101895266497   
21102420230201052370226681998   
21102420230206006336527960421   
21102420230227014682807117930   
21102420230320028237491163417   
21102420230320031458470420570   
21102420230321004202863424774   
21102420230321031458470269605   
21102420230321032153139711720   
21102420230321042263284328888   
21102420230411003182908517911   
21102420230411006324058917568   
21102420230502010191412208833   
21102420230503023625180661860   
21102420230724005163806415019   
21102420230927054202561232943   
21102420240123004285019788696   
21102420240123012181602486186   
21102420240123012496454409897   
21102420240123025781266201993   
21102420240123030562304151939   
21102420240130006147349401333   
21102420240202005163861357277   
21102420240222052361086303480   
21102420240223005163861545148   
21102420240223012971155906938   
21102420240306006727087493471   
21102420240403026655005074234   
21102420240403046997047416898   
21102420240405004974402438118   
21102420240426011315848592787   
21102420240514011954557124602   
21102420240627030562304708609   
21102420241003012650634803922   
21102420250204014535661533662   
21102420250206023040332905944   
21102420250211005754837778704   
21102420250307004607954200237   
21102420250311007880978467023   
21102420250311034755792118615   
21102420250321035770964960231   
21102420250325034746121360385   
21102420250326023040332867151   
21102420250507029049023432253   
21102420250609047206552788484   
21102420250704016431905949710   
21102820230110010509768697899   
21102820230320006024647133995   
21102820230321030145988407285   
21102820230321058774517819873   
21102820230627037816841242749   
21102820230721021721509359632   
21102820230726023786690237362   
21102820230817035770185143830   
21102820230818026175995832636   
21102820230907014939386756447   
21102820230925028274777848280   
21102820231101013258989313309   
21102820231127016613740055338   
21102820231127026982519310327   
21102820231218050699266707393   
21102820240126045214592992225   
21102820240215034585736209754   
21102820240422035295036599810   
21102820240628030447243875737   
21102820240801016942847957311   
21102820240828038134799797499   
21102820240909031795768821739   
21102820240920025047445057013   
21102820241210052360310259895   
21102820241211006533274455071   
21102820241211016036790742989   
21102820241212006533274712577   
21102820241213017479590453044   
21102820241226005922097867861   
21102820250207036481115984526   
21102820250305017263933721764   
21102820250328044063351350453   
21102820250414050605319527139   
21102820250626026442615335666   
21102820250711016956246854570   
21102820250711022141784356790   
21102820250722012751819972450   
21103020220822012115741499465   
21103020230124029529456436394   
21103020230209057210785898679   
21103020230502012871767455603   
21103020230615014348252597000   
21103020230905011246890707132   
21103120220802027481697450511   
21103120230105007878054338354   
21103120230123004730432106496   
21103120230124003893385137528   
21103120230124012617055359238   
21103120230124092379971193950   
21103120230126007876084143445   
21103120230126012045638836126   
21103120230204005090146879262   
21103120230210003040951155899   
21103120230210037828773675811   
21103120230228013483965152109   
21103120230306020194760869544   
21103120230322011696323583444   
21103120230323013840050621977   
21103120230411011541490744928   
21103120230412011199022313360   
21103120230412045058301525055   
21103120230419010794148400340   
21103120230503016439224987627   
21103120230503028017233847405   
21103120230522024772554644083   
21103120230523014558256087455   
21103120230524011696323474678   
21103120230605006613496593135   
21103120230614005090179716009   
21103120230630045215509524239   
21103120230705011495907825352   
21103120230728011199070381246   
21103120230807018092568856402   
21103120230816007882788697219   
21103120230817008508744543655   
21103120230817011257581131871   
21103120230817011716084114339   
21103120230817013483827704894   
21103120230905007882788276422   
21103120230908012617041982438   
21103120230913010064074460168   
21103120231001013568086199382   
21103120231005016871681451303   
21103120231107041636735196246   
21103120231108006150241928360   
21103120231110018331828771422   
21103120231110041635904637947   
21103120231123002973483609175   
21103120231127007880184786001   
21103120231127014039808272892   
21103120231127036578975358129   
21103120231128006334067830832   
21103120231128021510970733995   
21103120231128028217544323346   
21103120231128039662327865661   
21103120231129011173122736343   
21103120240109005068499041015   
21103120240129006613496406005   
21103120240129007883748054902   
21103120240205011199008555276   
21103120240220004585047943864   
21103120240220010064108171641   
21103120240220010729097236371   
21103120240311014039835931977   
21103120240312002310620813858   
21103120240312006336365530823   
21103120240313011696301320959   
21103120240405002973483481339   
21103120240405004959706338837   
21103120240405011696301302000   
21103120240405012390085142522   
21103120240405016099245423190   
21103120240422005090111392064   
21103120240422011696301646450   
21103120240424005781590993644   
21103120240424011199025379420   
21103120240425004502836312283   
21103120240513006613497998561   
21103120240527021600392275827   
21103120240528045215507199360   
21103120240708013770660090709   
21103120240715011696301253777   
21103120240716014039945100069   
21103120240718004102766876412   
21103120240718027481660876412   
21103120240826007708959134348   
21103120240827012617041729313   
21103120240827024119347523628   
21103120240930005422030456504   
21103120241031012146267707999   
21103120241031017414951404219   
21103120250120029827351668900   
21103120250819004102760026950   
21103220220803028228410842693   
21103220220824011412494124793   
21103220221205041342493592777   
21103220230124054341627470494   
21103220230302013644425165309   
21103220230306016909020506900   
21103220230317013116211223271   
21103220230320003742693310572   
21103220230320029808882974461   
21103220230322007873191441136   
21103220230322013116568344564   
21103220230322020223825017431   
21103220230519007876341224859   
21103220230522033129416005353   
21103220230524020192529824163   
21103220230628013116396498464   
21103220230703013343984809627   
21103220230704003966004488864   
21103220230704004753907970490   
21103220230704014336531766654   
21103220230705006354553938381   
21103220230705010908135065232   
21103220230705036326155688592   
21103220230706036739905470931   
211032202307060F5417372554343   
21103220230725030562058987005   
21103220230811029979160813784   
21103220230814004995523439583   
21103220230814007882437972757   
21103220230815026395976495412   
21103220230817021420596190266   
21103220230907023257515339080   
21103220230921025222572934538   
21103220231108044181057892458   
21103220231122010739761836863   
21103220231123018092591977774   
21103220231127020192688596490   
21103220231129021420577789487   
21103220231216032140930488760   
21103220240110025116671183605   
21103220240126007882441413380   
21103220240130003076908216005   
21103220240405010063939035776   
21103220240405010933385175500   
21103220240514010662634598544   
21103220240515054768518414444   
21103220240516013951955204678   
21103220240517011102421031372   
21103220240704003247665048693   
21103220240711010148548661323   
21103220240718006229317269342   
21103320230206007875401468023   
21103320230210026731911650272   
21103320230227010975675314563   
21103320230321030432910311890   
21103320230323027389282572547   
21103320230410012213600629261   
21103320230410028834739413290   
21103320230524016484759106041   
21103320230706026921974238550   
21103320230725021590988451862   
21103320230905008322109608350   
21103320230905013123035343742   
21103320231017007880063455465   
21103320231018017719754765067   
21103320231127005068808655645   
21103320231211013666901908711   
21103320231212004260365860338   
21103320231221012595784475719   
21103320240122012901402732589   
21103320240201014580626028049   
21103320240220012657890207316   
21103320240221017112018706690   
21103320240222016036790800286   
21103320240314007881127671568   
21103320240327012157727494984   
21103320240422034585666414276   
21103320240426016719582604193   
21103320240514006843127391969   
21103320240515012741884175869   
21103320240515038816680294628   
21103320240516005605467521518   
21103320240516059756166236009   
21103320240604014035864833298   
21103320240605014035864067015   
21103320240606005122403533196   
21103320240624013666914488013   
21103320240715047659906749120   
21103320240717010267749442093   
21103320240809005961378336861   
21103320240826012370961794370   
21103320240829011585811537031   
21103320240829036735230975320   
21103320240916016554378286103   
21103320240917022579680492827   
21103320241009006349534974894   
21103320241120018591158652936   
21103320241122017112065715421   
21103320250121016722403563069   
21103320250122016722403821964   
21103320250311013659143508444   
21103320250415014023250572180   
21103320250416021712924557618   
21103320250416047330586837292   
21103320250507024216985940722   
211033202506120F4641071608952   
21103320250617007875997491890   
21103320250702016311612247405   
21103320250708005650126765793   
21103320250708011585824256281   
21103320250710034144415167570   
21103320250722025971522546141   
21103320250731005219294675579   
21103320250807005650149768739   
21103320250814016722362765404   
21103320250814024768208020528   
21103320250818013231791657967   
21103320250821005408284592326   
21103320250822005408284757466   
21103320250822011365941139761   
21103320250822016486865299828   
21103420230206012901542040706   
21103420230410013543726170983   
21103420230414008085833886005   
21103420230504021958667870730   
21103420230522005626092762695   
21103420230523008322089456628   
21103420230727011758620722628   
21103420230816036406872506358   
21103420230817035770086969646   
21103420231012007881266399613   
21103420231106012140654658193   
21103420240305002936825364681   
21103420240312032980108127542   
21103420240313028026882063037   
21103420240403016486865221962   
21103420240419005916960566067   
21103420240424012368548847286   
21103420240603044063318826715   
21103420241001027389282643623   
21104020230304005907946662348   
21104020230321006238433047598   
21104020230323011270018677902   
21104020230406005916959231804   
21104020230412018388483929846   
21104020230412023582966784543   
21104020230413003244805918548   
21104020230414018388483828667   
21104020230523006346135305695   
21104020230524016613786317434   
21104020230814029853675599383   
21104020231107011102421571010   
21104020231128013644318141206   
21104020240314022077302446687   
21104020240426011628252254576   
21104020240510029350096281775   
21104020250325011102421665530   
21104020250819024492492946817   
21104220230117007881098267147   
21104220230414014607208439072   
21104220230414053182542064077   
21104220230418012579147606080   
21104220230630004233650314012   
21104220230712014574348125145   
21104220230724022408318466786   
21104220230801024768379530102   
21104220230911013116339690799   
21104220240424021988601683803   
21104220240501005424401580328   
21104220240501006350355219700   
21104220240501014336224480308   
21104220240830004457807017195   
21104220240903006454947225315   
21104220241101029171853525269   
21104220241125010136688156999   
21104220241218035772059259964   
21104220241220010908339745687   
21104220241220017799626119794   
21104220241224006544852041196   
21104220250207012181643602918   
21104220250213012181643791988   
21104220250221012181643609628   
21104220250327011620105912516   
21104220250508012556994621721   
21104220250604038816239861601   
21104220250605006387645559965   
21104220250902014574463245558   
21104320240311010950901464654   
21104320241210011284718222839   
21104720220826010184335193852   
21104720230505006556213984609   
21104720230522013543732427869   
21104720230616010819170228410   
21104720230720010570573277888   
21104720230818004233721282329   
21104720231212013644045940213   
21104720240124004233659861795   
21104720240425010891643503036   
21104720240514014574410789177   
21104720240718006147392906485   
21104720240718047975841999260   
21104720240805017946056243357   
21104720240828007874459382254   
21104720240919012181131750749   
21104720240919017527585475695   
21104720241029013493004470467   
21104720241210013367872007067   
21104720241211006345768809718   
21104720250207007709661681119   
21104720250211011246842755987   
21104720250213004223202436302   
21104720250305013231577694512   
21104720250326007676992371455   
21104720250326041342482588281   
21104720250505008508818140930   
21104820220912010662687834096   
21104820221227026694559966496   
21104820230724008071858354453   
21104920220712055307842547811   
21104920221117059373216539067   
21104920230202020192750938442   
21104920230206029529456501705   
21104920230209007876434170778   
21104920230210005271230392248   
21104920230210013116606543950   
21104920230224011440273581788   
21104920230303055532925383981   
21104920230306012971194383800   
21104920230322036545379688471   
21104920230410045268227895954   
21104920230411013644097247580   
21104920230412045827940770790   
21104920230503012390023556421   
21104920230503016328873577434   
21104920230503027129261994705   
21104920230607002416197308074   
21104920230629004488648590158   
21104920230727007879098175677   
21104920230818006351858728837   
21104920230818014336350316131   
21104920230905006022466740990   
21104920230907028625553243107   
21104920231002007882381385124   
21104920231018018492892187037   
21104920231019035173128686045   
21104920231103007874923868355   
21104920231221005922095482775   
21104920240221044022422319883   
21104920240222009990411815626   
21104920240312013951966242340   
21104920240326003672889193373   
21104920240403017339211796826   
21104920240531012368684346591   
21104920240711010184188689666   
21104920240711010184188806764   
21104920240716012590271728757   
21104920240801005424479312129   
21104920240802026244256573042   
21104920240809031627589369307   
21104920240909010865520115235   
21104920240919005484050154206   
21104920240919006351762201327   
21104920240919007891981468588   
21104920241010028625553389172   
21104920241010030156626683367   
21104920241209010064042280842   
21104920241211003273577584416   
21104920250213013840001807608   
21104920250326007676995077775   
21104920250326051622079624350   
21104920250519013202596462630   
21105020230323021595272615083   
21105020230412011625466685500   
21105020230424035454290168665   
21105020230523012181303344125   
21105020230523014876661512243   
21105020230707011720516781157   
21105020230719007875040353171   
21105020230814010617711380356   
21105020230816013472137129650   
21105020230818020800838963357   
21105020230925006304335106297   
21105020230925007881348124272   
21105020230925026694451025588   
21105020231002010811621391033   
21105020231018013644217224610   
21105020231107004866819538366   
21105020231220011605796144247   
21105020240312006353201601480   
21105020240313010908180776924   
21105020240314011412360650330   
21105020240314011625297106505   
21105020240422004233644808310   
21105020240716025089709809430   
21105020240718007879886880386   
21105020240801005000962702900   
21105020240807014974864539897   
21105020240809007875040963170   
21105020240827010063983848556   
21105020241010005668170609165   
21105020241120004879035829709   
21105020250206030405363900953   
21105020250213049791235486999   
21105020250306010662758360218   
21105020250414013241962667980   
21105020250414013241998707473   
21105020250416013825472225704   
21105020250416048252331887457   
21105020250618012181236343334   
21105020250729007635617605384   
21105020250818011625397264962   
21105120230227020148609219408   
21105120230316023217675417140   
21105120230320020224107595042   
21105120230427051190907961865   
21105120230614012181009983590   
21105120230703006047360449009   
21105120240403003803777117263   
21105120240512020234011601380   
21105120240606021420522451729   
21105120240624011412150428290   
21105120240801003244821527333   
21105120240822012828348727886   
21105120241003040267436700077   
21105220230203013116091765035   
21105220230206024500936615812   
21105220230208017277032252786   
21105220230228006350455937857   
21105220230317028037090169744   
21105220230323011102511162598   
21105220230323012617071860052   
21105220230412011412437465416   
21105220230412018536576386440   
21105220230413006348076659515   
21105220230427004879037162467   
21105220230502004837131107872   
21105220230614005090028854596   
21105220230615038814623929605   
21105220230728011605758886133   
21105220230906010662930298620   
21105220230908028037000302125   
21105220230918013715621058849   
21105220230925011102397297378   
21105220231002016003532672977   
21105220231018005281578580358   
21105220231130017964342676352   
21105220240123004527063878718   
21105220240123006352087019201   
21105220240123006704504987667   
21105220240126026956068910769   
21105220240129032619547276866   
21105220240129032619547947411   
21105220240129037409377705806   
21105220240130026956068851000   
21105220240130032332755307564   
21105220240130032619547394351   
21105220240131007875938072184   
21105220240201006344267744257   
21105220240201014336489336663   
21105220240405025116507397388   
21105220240510013116212316418   
21105220240607029033686616091   
21105220240624010662835504504   
21105220240625010662835156271   
21105220240626006613140482335   
21105220240730025266800690189   
21105220240808013644585601941   
21105220240830008434421608748   
21105220240830038288052463292   
21105220240930037408291227794   
21105220241023006147376741467   
21105220241030029529282525662   
21105220241120011412103527743   
21105220241120013644037538081   
21105220241227022636507943692   
21105220250210013116767715485   
21105220250211007873996656035   
21105220250313013112216058802   
21105220250326008467888549030   
21105220250327012500940814890   
21105220250429034045889916864   
21105220250520005000911494613   
21105220250606027867095529801   
21105220250618006147376514319   
21105220250619004607907351875   
21105220250619027867095235962   
21105220250704003966010135655   
21105220250707070628607842094   
21105220250725024500936524441   
21105220250728018331863483231   
21105220250729008485326552316   
21105220250729024500936844644   
21105220250731004730498434923   
21105220250801012508106938099   
21105220250902010184326227035   
21105420230227006343062801967   
21105420230313012181256816237   
21105420230606012590150426739   
21105420250723011625235391930   
21105620221027004285024158091   
21105620221222011926046814306   
21105620230209024974919465390   
21105620230222011639068694180   
21105620230302026694137374290   
21105620230303013123045806060   
21105620230303014023255958366   
21105620230307006344865421353   
21105620230322012496438483925   
21105620230323008507311800364   
21105620230323016613345108059   
21105620230329005210824179543   
21105620230412026072781155561   
21105620230413006306644162459   
21105620230414014607156954342   
21105620230414016128136757236   
21105620230414020146186643105   
21105620230424011879278805730   
21105620230614005531357200774   
21105620230704031566655139869   
21105620230705002416290190223   
21105620230705006349563697068   
21105620230705013122985971900   
21105620230707006621451295268   
21105620230814024060129947723   
21105620230905011418155742090   
21105620230906022829871170017   
21105620230928006351370163222   
21105620230929028567692126408   
21105620231110011218148666042   
21105620231127006352885623438   
21105620231129006349563360518   
21105620231218013123043460212   
21105620240119014459530671645   
21105620240312021032016770601   
21105620240315030621104810446   
21105620240328014057061859095   
21105620240422056380817280568   
21105620240423011583439308863   
21105620240424010977096718255   
21105620240424022408148812330   
21105620240510018111210195425   
21105620240530012115714967463   
21105620240607001433863049616   
21105620240625033562805649120   
21105620240710016909027340633   
21105620240807021642207759293   
21105620240809001433863911138   
21105620241205004104357880025   
21105620250121005269650683432   
21105620250212028228685204206   
21105620250307006309978151007   
21105620250312013123030755421   
21105620250313014162312688791   
21105620250325010063644376044   
21105620250327008434640499808   
21105620250523048134009912265   
21105620250612006345644618197   
21105620250617007877537877800   
21105620250729007880846016041   
21105620250818017490400256027   
21105620250819021420490219390   
21105620250822017490400096586   
21105620250901012556814356702   
21105920230201007882649235934   
21105920230227004233659580154   
21105920230227012590114984722   
21105920230301041791542288370   
21105920230314014336135904342   
21105920230316028581261423248   
21105920230412023751649650097   
21105920230613043287651408519   
21105920230808014765796137910   
21105920230901004673868927469   
21105920230926022790408948337   
21105920230929012181549330245   
21105920231018011379111568400   
21105920231030006285559196997   
21105920231107020717040770230   
21105920231130011808987406091   
21105920231219018423620740078   
21105920231219056380936600883   
21105920240104005261650997389   
21105920240123004202863882920   
21105920240201031627717461081   
21105920240314035225758354200   
21105920240331037453403335459   
21105920240513006625585646470   
21105920240515010309557546540   
21105920240607017490401819550   
21105920240618010560704413320   
21105920240626027129143854791   
21105920240628004233740440815   
21105920240712008467154906836   
21105920240807007445156466772   
21105920240918025280405386844   
21105920241028018373508505963   
21105920241030014336668494951   
21105920241227017684907522527   
21105920250113011366174746134   
21105920250115004748162425514   
21105920250212035239089923390   
21105920250306010184252347201   
21105920250312021421933448970   
21105920250313006242598672976   
21105920250320010908286182426   
21105920250801040958648573147   
21105920250819014344124761620   
21105920250824024088254776569   
21105920250902048600728782638   
21105920250904011102413736159   
21106020230224024243910616704   
21106020230301021721789260312   
21106020230524011505621797020   
21106020230925022136655386308   
21106020230928028237479774529   
21106020230929007876512533641   
21106020231103045057080285759   
21106020231107026694490523241   
21106020240712017591865167651   
21106020240828048067512956024   
21106020241120027514847330889   
21106020241206006235093131155   
21106020250521011879174725124   
21106020250822040267436658436   
21106520220913032140795717105   
21106520230112004138033462234   
21106520230124024390806742107   
21106520230127016046962235181   
21106520230206034749170616756   
21106520230210025303664151183   
21106520230227013990018181667   
21106520230302013116789903980   
21106520230318007872420545422   
21106520230322010560776613489   
21106520230322030156844130150   
21106520230322038816019323067   
21106520230323014039927557673   
21106520230325049268529821864   
21106520230328004635974068531   
21106520230329003893123406239   
21106520230412004102405275014   
21106520230412007872420098606   
21106520230415025531704696737   
21106520230503004649662696829   
21106520230503010560650152465   
21106520230503029980397828052   
21106520230504055651008700461   
21106520230522014023353727642   
21106520230523004104067503087   
21106520230523022077439699551   
21106520230524012181397806269   
21106520230605026473111038368   
21106520230613004138033543463   
21106520230616004982164960495   
21106520230630004260094438390   
21106520230704010617683128248   
21106520230707005422031404664   
21106520230720030100597230812   
21106520230725003676114682939   
21106520230725014574352707511   
21106520230725049268529427479   
21106520230726011156118565476   
21106520230726012142540553680   
21106520230726016726223126604   
21106520230807036542987634436   
21106520230814004138033595134   
21106520230814008584941464791   
21106520230815004822696046105   
21106520230816025834662319971   
21106520230816049577456603186   
21106520230830013644377575600   
21106520230902007882188732811   
21106520230918013123018650691   
21106520230927007878740273401   
21106520231106011102482055840   
21106520231106055651008253934   
21106520231107010891604942111   
21106520231107012181251289020   
21106520231108006732759858770   
21106520231109046576621529777   
21106520231110012136307414213   
21106520231124006289950799912   
21106520231130025469687749032   
21106520231213004102405908213   
21106520231215006150278051065   
21106520240131026244293077815   
21106520240202010184082539256   
21106520240202018388426947288   
21106520240215012590770342219   
21106520240221013116761296550   
21106520240222037970196387966   
21106520240403027422471621670   
21106520240506017772262410903   
21106520240509006316689849312   
21106520240513011102450854411   
21106520240514037074174447380   
21106520240518012590651266993   
21106520240604013116598155940   
21106520240605006147210326498   
21106520240626017964155703842   
21106520240627005271273783083   
21106520240627007878740494431   
21106520240713014974968891239   
21106520240715024778919206165   
21106520240718027567497191880   
21106520240805011102434481725   
21106520240806031002713104584   
21106520240807004995517807762   
21106520240807013705502757292   
21106520240807048709843745799   
21106520240912005745806061363   
21106520240917006147396338886   
21106520240919016716965947263   
21106520240920010875056613915   
21106520240920022028754149597   
21106520241007013528068416226   
21106520241008006287030229664   
21106520241008052361001658320   
21106520241107010247982188867   
21106520241121010738972186739   
21106520241121014574256071498   
21106520241122004995584585090   
21106520241227011879210674803   
21106520241227017202032644922   
21106520241230048252281272680   
21106520250108029049340501710   
21106520250120010184182740962   
21106520250120010662912806101   
21106520250122003965231270244   
21106520250122013672659289644   
21106520250124024631905735595   
21106520250206032140970452507   
21106520250210003965988995609   
21106520250212037452718594566   
21106520250307003963812546815   
21106520250310006500445246852   
21106520250310013600319141902   
21106520250317028275063049280   
21106520250321000973567548727   
21106520250326011102347543685   
21106520250327011473026444313   
21106520250522014299757929142   
21106520250630013241920205711   
21106520250630050242342382740   
21106520250701028239376646433   
21106520250702007877164146850   
21106520250702022206713247360   
21106520250704041791564115890   
21106520250707030190208419711   
21106520250710014588555326274   
21106520250728017929642361888   
21106520250729016881781037774   
21106520250730014292042410843   
21106520250811005614539582545   
21106520250813007877164598395   
21106520250819037284224853813   
21106520250819037453352399773   
21106520250901048746165351810   
21106820230323013715471655012   
21106820230323037579028767975   
21106820230329012115714991642   
21106820230413014974956740239   
21106820230414038814564936321   
21106820230502004607912524950   
21106820230502010617771342657   
21106820230502014607137557452   
21106820230502020148870151805   
211068202305030M8512083545143   
21106820230814026712085441721   
21106820230906017956966454545   
21106820230907004101731219360   
21106820230907024954269682960   
21106820230927012590230458717   
21106820231009010480667193870   
21106820231019010063077855360   
21106820231020021420500856608   
21106820231107006491626768499   
21106820231109011246827592009   
21106820231123048252317756210   
21106820231129011796356778642   
21106820231221017956966359164   
21106820240108011109749911473   
21106820240123016871941476990   
21106820240202005000890627858   
21106820240405011013206023094   
21106820240424045509182642669   
21106820240514005210884108066   
21106820240515039127019395043   
21106820240516011879250452111   
21106820240603008507304849514   
21106820240605045491572495173   
21106820240916004625792966466   
21106820241031012923313182955   
21106820241101023751604037880   
21106920230124054119105672293   
21106920230208003988322659711   
21106920230208025656226720522   
21106920230410024194858735678   
21106920230411014336675558659   
21106920230413005000977107020   
21106920230613054026844510048   
21106920231109055358982680158   
21106920231110044065960434623   
21106920240404004102387928005   
21106920240607036303519906346   
21106920240801026113623481664   
21106920240806005070069994289   
21106920241210022790228853965   
21106920250311058916674370875   
21106920250506012181540967877   
21106920250708059814893296123   
21106920250714016871838369062   
21106920250821005219245556419   
21106920250821040774875912695   
21107020230124034962005003145   
21107020230207003040863682937   
21107020230208034177596743780   
21107020230209006440249799154   
21107020230209024216967168800   
21107020230322016390692081826   
21107020230414028136925685637   
21107020230503008323845247251   
21107020230503020195479131771   
21107020230504006289802401081   
21107020230504010786522312222   
21107020230504027569660996739   
21107020230522002416021541568   
21107020230522012297106631786   
21107020230524005615922769851   
21107020230524012297164952528   
21107020230616036888394707541   
21107020230704014531909501363   
21107020230705010063358408393   
21107020230705011315817723285   
21107020230705013425521833842   
21107020230706013425535539622   
21107020230706017516451687741   
21107020230726032476873486830   
21107020230804052135563821561   
2110702023081712543570947484    
21107020230831006325343625419   
21107020230920036888233100355   
21107020230921006203481500168   
21107020230926003964734867040   
21107020230929007881633706500   
21107020231031004438220903747   
21107020231127036888391984319   
21107020240124045647611485590   
21107020240220014531968097762   
21107020240304016389217552578   
21107020240312028237476732849   
2110702024032510063244552065    
21107020240403006083340674092   
21107020240403011202808556407   
21107020240404043645203848433   
21107020240422011620194629964   
21107020240424025834615681017   
21107020240527022674024275469   
21107020240624002416178815273   
21107020240826010597349499576   
21107020240826059064928607887   
21107020240828007676627288330   
21107020240828031487929770598   
21107020240919028274797876038   
21107020241029028237476687390   
21107020241120016072862387201   
21107020241202018549727959146   
21107020241205016072862229470   
21107020241210029490559215721   
21107020241227006534815480549   
2110702024123002416128680478    
21107020250326003040863729813   
21107020250327057886521979662   
21107020250508047770225616454   
21107020250520029717954766437   
21107020250522013425559190317   
21107020250902021419789421080   
21107120250714006351371640283   
21107320221004046298885359540   
21107320221230022683937761994   
21107320230110007675924516969   
21107320230112012305535402586   
21107320230123020223972882698   
21107320230123026335360205715   
21107320230206008071842950909   
21107320230207006333291394639   
21107320230208011440258287930   
21107320230210011614612404003   
21107320230224010908115423447   
21107320230225028136547961750   
21107320230301010662681745153   
21107320230302007881233852700   
21107320230320003721475418759   
21107320230321006403338680798   
21107320230321007875669170043   
21107320230321010662999491997   
21107320230321013116051867429   
21107320230321045342025614630   
21107320230321050555656807483   
211073202303210F5417369405421   
21107320230322004878914606742   
21107320230322006047360443770   
21107320230323031849994776374   
21107320230324004641030249294   
21107320230324011315844995792   
21107320230327006348068726547   
21107320230327011625475988908   
21107320230329047979360178289   
21107320230410028583127742019   
21107320230411006349920357648   
21107320230411013116167691095   
21107320230412020257778135450   
21107320230412023886786968012   
21107320230413006238466731667   
21107320230414011398204157263   
21107320230424014102619505358   
21107320230426012023370624317   
21107320230502007676968115266   
21107320230502012362190274623   
21107320230503016871745145896   
21107320230504041493532922398   
21107320230505012284044673654   
21107320230522007876341465816   
21107320230522011102408501477   
21107320230523013483871285608   
21107320230523016871904101703   
21107320230524007876492181967   
21107320230524020192264748955   
21107320230612007635673233672   
21107320230612011940656325351   
21107320230612012496457121850   
21107320230612027518733829982   
21107320230613010908161163444   
21107320230613010908344920731   
21107320230616014336220231576   
21107320230703011240662792248   
21107320230704006147358406127   
21107320230705017201987798388   
21107320230706006414666584144   
21107320230706012590086424927   
21107320230722005483909428810   
21107320230726011625208885767   
21107320230727003892090216006   
21107320230809023582827531331   
21107320230811017591803358905   
21107320230815013840912104892   
21107320230816024492485917300   
21107320230830005516696290835   
21107320230906011102591109607   
21107320230906012181093149726   
21107320230908012181733173717   
21107320230922022838474301109   
21107320230925012181579408721   
21107320230926012181093204144   
21107320230927011879246123811   
21107320230927036445009455779   
21107320230928012389901554686   
21107320230929048709873930930   
21107320231002013116024237037   
21107320231003013116317207011   
21107320231019006044826201841   
21107320231020006147374443468   
21107320231102007881075985509   
21107320231106011102234406918   
21107320231108008508818229310   
21107320231122014974667456321   
21107320231123007533412797805   
21107320231123011771196461141   
21107320231128010397448391002   
21107320231220004634119484413   
21107320231220012831771566581   
21107320231220013705565642609   
21107320231222006307277655400   
21107320231222006544871976538   
21107320240109012389901542691   
21107320240112026694239354572   
21107320240123010662819960247   
21107320240124007875268655369   
21107320240124017873057867044   
21107320240129005873895493301   
21107320240129012590770479228   
21107320240130010063530772872   
21107320240131007873198193585   
21107320240131059090925681622   
21107320240215011879388225280   
21107320240216010064807874920   
21107320240307010524841290143   
21107320240311010310065714301   
21107320240311045641008737967   
21107320240311056526868529400   
21107320240312010697728410114   
21107320240313003964936897008   
21107320240313059152298765406   
21107320240314010662835814430   
21107320240314011045247773369   
21107320240404041791564982575   
21107320240417011879318734592   
21107320240426013705565289770   
21107320240506006700459242666   
21107320240513007881075773542   
21107320240513027129080798350   
21107320240514037211865030408   
21107320240529004753910709586   
21107320240529046134159465385   
21107320240530004233637757239   
21107320240605012181105957573   
21107320240624006083554215900   
21107320240624016046986773407   
21107320240624054508658312744   
21107320240627012471226456940   
21107320240627042558483977738   
21107320240628006345645341839   
21107320240719031136912223986   
21107320240729018141425849423   
21107320240805012819221563565   
21107320240807007877537552765   
21107320240808037074221971762   
21107320240809016237680753372   
21107320240809032902793270362   
21107320240829010662869180420   
21107320240829041791564877020   
21107320240910010595773246167   
21107320240918007878688835954   
21107320240918014974881223160   
21107320241002005068900326492   
21107320241002010595787280710   
21107320241003003895662104676   
21107320241004016237595989845   
21107320241010052901195183921   
21107320241024014667070735699   
21107320241028010662902172975   
21107320241030005754950369574   
21107320241030013510451755786   
21107320241112007880439385982   
21107320241113007635697967624   
21107320241113007880439961134   
21107320241113017652439489303   
21107320241113048709948413482   
21107320241114020265125941465   
21107320241119001433863698113   
21107320241119002476410698284   
21107320241119010560006255711   
21107320241119013116218910400   
21107320241121004735608376062   
21107320241122036013602370903   
21107320241206010184135447513   
21107320241209008508894339053   
21107320241209027522217498211   
21107320241209038818459764400   
21107320241211010064848714371   
21107320241213024079371543375   
21107320241227005271202273008   
21107320241227012181288461776   
21107320241230011625389512282   
21107320250120026002785432521   
21107320250121010662912554641   
21107320250123018141494138865   
21107320250124013644430948334   
21107320250124029529206954960   
21107320250206012923295637338   
21107320250210005410654379848   
21107320250211014607299659886   
21107320250212003894229159741   
21107320250212012181677221537   
21107320250212047777428440557   
21107320250213027266232822210   
21107320250214016613317488086   
21107320250305007882624697355   
21107320250305027266232729310   
21107320250306010908175581300   
21107320250307004995569666536   
21107320250307011720525488106   
21107320250307016871869745968   
21107320250311007881885173697   
21107320250318011473026200718   
21107320250320007676992566184   
21107320250325016726389147661   
21107320250325032191385845906   
21107320250325033423602363302   
21107320250326017684905681421   
21107320250326044654138548230   
21107320250327010908180772395   
21107320250328011102301459143   
21107320250409007879048408454   
21107320250410010617710563045   
21107320250416005402207704712   
21107320250416013116652501729   
21107320250430005422031728065   
21107320250507011625105459649   
21107320250508011625105182528   
21107320250609008249861244705   
21107320250613005000893825157   
21107320250618014574210842637   
21107320250702011045247234213   
21107320250710004285012284955   
21107320250711011202846210606   
21107320250729016726485861835   
21107320250729017116388240380   
21107420230118032143358592442   
21107420230130011551316800475   
21107420230208002416255741140   
21107420230227014904628740408   
21107420230302026349505575645   
21107420230329045492582754476   
21107420230329045492582797714   
21107420230410013367986407463   
21107420230412026426636121802   
21107420230503026473111847444   
21107420230523010063511764301   
21107420230614038241357781691   
21107420230615038241357507537   
21107420230616011879206573088   
21107420230704018111277465592   
21107420230704040267193039661   
21107420230725010246145875401   
21107420230728006334448411500   
21107420230817007873053818117   
21107420230906005303810660730   
21107420230906005303810898559   
21107420231019029827402748870   
21107420231122012368632580244   
21107420231124011284704276269   
21107420231219011637110126212   
21107420240122033680603252804   
21107420240122034045752749346   
21107420240125012595730881320   
21107420240221003600518884914   
21107420240225049038865570552   
21107420240426012973524573455   
21107420240426012984219125427   
211074202406030M5068503989578   
21107420240604025672302906165   
21107420240624005402259929812   
21107420240624023142857000769   
21107420240624046997059227763   
21107420240624046997059255441   
211074202406240F4672267010544   
21107420240715010427632834639   
21107420240916028567730725679   
21107420241001013116688440430   
21107420241211026513473635886   
21107420250304014697888109702   
21107420250305026956273661084   
21107420250313023350697279404   
21107420250325014697888536589   
21107420250325017982554595594   
21107420250325026426634929431   
21107420250326017982554884336   
211074202503260F5417372698053   
21107420250414005163829689856   
21107420250414012901598609239   
21107420250415012901598357164   
21107420250419005163829008643   
21107420250419007891435668461   
21107420250505013583656712745   
21107420250510010286239596276   
21107420250617010786597223853   
21107420250712025417796694379   
21107520230123014574225707951   
21107520230127006224881885750   
21107520230207022408292987869   
21107520230209008507283728417   
21107520230209022077092651660   
21107520230227014119250439244   
21107520230227030621040598765   
21107520230227042328690794337   
21107520230302011605913696801   
21107520230320008438335840541   
21107520230320010697762871010   
21107520230321014336135105608   
211075202303210M7877906606549   
21107520230329017591851754974   
21107520230410006123209726251   
21107520230410012699502416365   
21107520230410016948031278738   
21107520230411003182992376250   
21107520230411020713663818567   
21107520230411024874906018308   
21107520230413013116294460629   
21107520230428027129110137663   
21107520230503016143857385406   
21107520230504010908298386360   
21107520230504016272507581949   
21107520230522003488939850981   
21107520230522016390617560181   
21107520230522021721532015064   
21107520230522024060448697747   
21107520230523003488939898544   
21107520230524004401755130585   
21107520230605027129110915062   
21107520230613014574142428983   
21107520230628006343199623871   
21107520230630003896326989455   
21107520230630014750453790887   
21107520230703003896326361673   
21107520230703003896326688628   
21107520230703004235461645258   
21107520230703011949810159764   
21107520230703011949810416481   
21107520230705006238433138201   
21107520230706013705589489023   
21107520230724004233640264847   
21107520230724006339038115521   
21107520230724022361568425119   
21107520230724026563829672680   
21107520230906012141781441672   
21107520230922013990240331337   
21107520230926014974689670852   
21107520230927036326357346654   
21107520230929011536762189815   
21107520231020007881081151833   
21107520231107006238521681669   
21107520231107014208811112614   
21107520231109006304339930521   
21107520231127006304360557102   
21107520231219033734051678245   
21107520240112035754881377713   
21107520240112036326145392224   
21107520240122046445782308144   
21107520240123010560775777570   
21107520240123012181072467350   
21107520240124004893913942264   
21107520240129041791458191932   
21107520240131013510464288658   
21107520240201029350499721080   
21107520240221017202249915973   
21107520240222009796684818055   
21107520240222017202249243274   
21107520240222042328979485196   
21107520240311005996479541100   
21107520240311055305356298648   
21107520240416017609117171191   
21107520240729016237603450427   
21107520240823039125906363591   
21107520240830045504672340880   
21107520240913010926865446420   
21107520241007013038930997125   
21107520241008016613426236686   
21107520241031006339089407779   
21107520241101014336565123076   
21107520241119053182246768525   
21107520241120010908175167890   
21107520241210010820965253599   
21107520241213007880698501116   
21107520241213012181443236916   
21107520250213026983012542686   
21107520250328011143508686651   
21107520250417012181489303923   
21107520250613013483834564601   
21107520250710029049495377843   
21107720230125011628258759979   
21107720230302014574316897920   
21107720230303021420167605019   
21107720230303029529324460309   
21107720230504044715688975802   
21107720230522029703182814336   
21107720230718001056022661624   
21107720230727027838821923652   
21107720230816006318719806513   
21107720230907007875790470849   
21107720231017006354937909594   
21107720231018006334005848672   
21107720240311054338017529071   
21107720240422059373030867069   
21107720240627057325118324743   
21107720240809004730436855538   
21107720240829047975849498854   
21107720240916018111258502217   
21107720240918016237436594990   
21107720240920003893122787736   
21107720240920023582707760138   
21107720241003005531521982873   
21107720241121029184987782540   
21107720250510047106728671903   
21107720250724041654998152936   
21107720250728010662925767512   
21107720250730005410607129459   
21107720250818020192416708816   
21107820230324012866906487511   
21107820230324013644319153668   
21107820230324018069659773493   
21107820230324031804644106887   
21107820230326018069659157743   
21107820230410018478912756599   
21107820230410033500475570324   
21107820230426017591733187483   
21107820230503010247965264201   
21107820230503018373474716382   
21107820230607031486948218370   
21107820230609006345030467381   
21107820230614032835180727919   
21107820230705029853772358979   
21107820230816029853772917794   
21107820230926011583425852845   
21107820231124010718139291035   
21107820231124038816138014134   
21107820240123004893913319032   
21107820240123007872056764014   
21107820240219010595786441968   
21107820240222020192255346540   
21107820240313014344285618017   
21107820240718041791458299464   
21107820240719013085087498480   
21107820240827012923381678576   
21107820241002035772057894933   
21107820250321010064826246491   
21107820250321016237436788281   
21107820250710011720518831542   
21107820250725005163884661418   
21107820250801012181656220979   
21107820250820003682473031390   
21107820250822034354830269774   
21107920230320014974787891577   
21107920230323012023260273492   
21107920230928026694261494055   
21107920231017001782674902884   
21107920231124023940949612126   
21107920240122032598932628459   
21107920240126034225933652577   
21107920240129034225933903089   
21107920240419036303519564118   
21107920240516047207525928899   
21107920240624032177285373621   
21107920240625057207775953270   
21107920240627013151778014867   
21107920240627047073493939320   
21107920240829014336160728925   
21107920240920008378111933738   
21107920241030006353856461561   
21107920250325011764546575633   
21107920250416035124806093250   
21107920250416036263916828708   
21107920250617023096337988555   
21107920250617036055522205290   
21107920250722025769289472720   
21107920250729025733389870316   
21107920250903003244998326305   
21107920250904014677703155930   
21108020230321013191639803331   
21108020230926006205042483009   
21108020240708007877342676827   
21108020241121013483887223759   
21108020241122004104370993488   
21108020241209011541477298190   
21108020241209017414926896753   
21108020241210003604062233895   
21108020241210026426634592906   
21108020241211003604062626814   
21108020241211004502850127346   
21108020241230004502887896645   
21108020250123035468560946328   
21108020250124033726222501875   
21108020250214011674063557096   
21108020250219006351133269017   
21108020250307010064074724399   
21108020250307011541476037674   
21108020250307012617041724399   
21108020250310025280403446812   
21108020250313041493532651788   
21108020250415005090162310794   
21108020250505004502829828398   
21108020250507013483921377445   
21108020250507053803902463895   
21108020250609005781536943937   
21108020250611014039875921732   
21108020250612014039875782652   
21108020250613014102619310752   
21108020250617004502899238705   
21108020250617005422068257461   
21108020250702016439317531269   
21108020250711007878069048064   
21108020250728010530260171172   
21108020250728094933173634675   
21108020250730006486790921758   
21108020250731003040951436008   
21108020250731007891656495616   
21108020250819025937164980964   
21108020250820007708594244264   
21108020250904005781571819583   
21108120221226016528725705983   
21108120230123002332166693033   
21108120230124014348271018694   
21108120230125006352691753108   
21108120230127016908930687381   
21108120230206008636605989587   
21108120230206016590375591990   
21108120230207017946226893171   
21108120230227004578611855384   
21108120230227011337050184541   
21108120230301008467677310023   
21108120230301010738959243175   
21108120230301014344123833780   
21108120230302010738959618059   
21108120230303006344171508086   
21108120230303013027557838003   
21108120230317004995507372782   
21108120230318013861927286540   
21108120230320006083995571911   
21108120230320006330658888521   
21108120230320016613345603584   
21108120230321006330658673693   
21108120230321008787464529414   
21108120230321013715617624964   
21108120230322012115770519182   
21108120230322012590293825600   
21108120230323006334462011866   
21108120230325010063101353496   
21108120230325022730630636954   
21108120230329006309790773633   
21108120230329012590631421192   
21108120230329045508171490244   
21108120230410051321458935847   
21108120230411017202276469057   
21108120230413010738959232813   
21108120230413040703036247940   
21108120230414026159444675183   
21108120230504004982161701305   
21108120230504012431570658883   
21108120230518012691022734387   
21108120230522013971330710299   
21108120230522016237597254675   
21108120230605011457096994053   
21108120230607007676899951576   
21108120230614034952904147054   
21108120230615020581738587672   
21108120230703007876766198190   
21108120230705008322910141744   
21108120230705014826309931046   
21108120230728056022186132006   
21108120230808037211724859291   
21108120230809005897317879921   
21108120230815010617748049654   
21108120230816004730492056289   
21108120230816017956966418689   
21108120230831021642193138639   
21108120230908004488783946539   
21108120230908008584118316384   
21108120230908032143334015661   
21108120230918010063098949153   
21108120230922012296967455542   
21108120230926011457092762931   
21108120230927013367933436313   
21108120230928017832426294679   
21108120230929004607948930748   
21108120231006021009657021948   
21108120231031010063642386029   
21108120231108016719565923657   
21108120231124011086474015753   
21108120231127011246865222456   
21108120231212036796882695737   
21108120231220006238570956745   
21108120231223008618799882501   
21108120240109022683916305241   
21108120240123008322910933387   
21108120240124005531300882083   
21108120240124010063093861621   
21108120240125004866837901464   
21108120240126010309387510322   
21108120240130006345224709945   
21108120240201006336672329500   
21108120240202010697866839772   
21108120240221010617778745590   
21108120240222021789600890391   
21108120240223014707860311708   
21108120240311008106547574848   
21108120240314009976600137168   
21108120240315006083995374368   
21108120240404010570568283448   
21108120240404014574292713882   
21108120240418005453645250188   
21108120240424012067643784896   
21108120240603013672659994830   
21108120240603032908964119156   
21108120240606004952427805364   
21108120240618012374493685147   
21108120240619005738613721170   
21108120240624012296959523178   
21108120240624028581878920474   
21108120240626006309799229239   
21108120240626026002817127162   
21108120240715017122564216910   
21108120240717014344299710497   
21108120240807008584118820003   
21108120240808017328456825640   
21108120240809012684568365400   
21108120240827014607124262511   
21108120240828049637963825472   
21108120240917005163895290020   
21108120240930010662994555325   
21108120240930010662994814779   
21108120240930011625176572718   
21108120241001031627906858950   
21108120241003012296962384635   
21108120241113008618692912461   
21108120241120007676435857523   
21108120241202007873213452695   
21108120241210010570573478630   
21108120241210010820965295023   
21108120241227006333272270946   
21108120241231010064404650345   
21108120250124014546049463456   
21108120250211013242007290910   
21108120250305010595768613790   
21108120250306007676946793517   
21108120250307006283510436556   
21108120250312012684212759942   
21108120250326008584118428200   
21108120250327028228580639801   
21108120250328006349042638089   
21108120250414023443159228750   
21108120250416011457085154945   
21108120250417026694163100666   
21108120250430010975638676943   
21108120250505007880199862377   
21108120250507014336532353818   
21108120250508013971344197838   
21108120250610022790696172830   
21108120250618004635947444921   
21108120250703005163819776338   
21108120250707029288068714460   
21108120250707037798082192570   
21108120250728012556895077477   
21108120250729004475225448729   
21108120250729010662606211646   
21108120250729022780000263810   
21108120250730037407282770190   
21108120250731011013298951936   
21108120250818008507310866193   
21108120250818011949899942981   
21108120250818014344142117659   
21108120250821013715604709581   
21108120250904010164734163040   
211081202509040M7881370013771   
21108220250124022999987130321   
21108220250711011821541856153   
21108320240624030478552866974   
21108320240627020224055380530   
21108320240919014974511632366   
21108320240930034821134471497   
21108320241031014974511424940   
21108320241213048709997421946   
21108320250312021420367304260   
21108320250415014574321839793   
211083202504290F3969827106617   
21108320250617033500420857807   
21108320250729012181547117032   
21108320250903022620227318930   
21108420250210030288185965400   
21108420250617011821541363548   
21108420250728036013094847040   
21108620250726028136872633234   
21108620250730014955420945856   
21108720250818004992449202685   
21108820250723013840905665226   
21108820250724016237834886378   
21108820250728007676950105376   
21108820250729027228804839730   
21108820250730007877537408095   
21108820250730010184077614353   
21108820250730014574270422432   
21108820250730037407282481918   
21108820250730039126968684141   
21108820250813016908531974095   
21108820250819010891632795512   
21108820250819046445782982057   
21108820250820010184360118944   
21108820250820038241083620536   
21108820250821014336104874868   
21108820250821014336608521028   
21108820250822012181763562503   
21108820250901011045247653410   
21108820250901013644489466953   
21108920250728005271335045386   
21108920250818017684948357472   
21108920250818017684948607706   
